metric,approach,instance,value,prompt_ver
semantic,GPT_3_Turbo_16K,pred,0.8,text2kg_prompt3
semantic,GPT_3_Turbo_16K,expected,0.875,text2kg_prompt3
